#  Calibration Tool - 05/20/25 12:34:14
#  Display ID: karim
#  iLdelay=0  avgN=1  ILlimit_plus=0.2 ILlimit_minus=-0.05  Meter=i1DisplayPro LUTmode=18
#  0.227292  #000000
#  0.983881  #0f0f0f
#  2.785039  #1e1e1e
   4     6.1602160  #2d2d2d    1 1  0.0000   0.1896350   0.4594760
   2     0.9838810  #0f0f0f    2 1  0.6211   0.1890200   0.4500360
   3     2.7850390  #1e1e1e    3 1  0.4842   0.1896700   0.4573640
   4     6.1602160  #2d2d2d    4 1  0.3982   0.1896350   0.4594760
   5    11.7102120  #3c3c3c    5 1  0.3348   0.1895110   0.4602430
   6    19.1913550  #4b4b4b    6 1  0.2828   0.1896480   0.4606690
   7    28.7317930  #5a5a5a    7 1  0.3361   0.1897230   0.4606650
   8    40.2840580  #696969    8 1  0.2403   0.1895100   0.4607940
   9    53.5548640  #787878    9 1  0.2003   0.1894710   0.4606730
  10    75.1910850  #878787   10 1  0.1746   0.1896980   0.4608630
  11    95.7288660  #969696   11 1  0.1632   0.1900010   0.4608380
  12   117.0376350  #a5a5a5   12 1  0.1466   0.1900600   0.4608040
  13   139.4281800  #b4b4b4   13 1  0.1576   0.1905670   0.4608990
  14   164.1996150  #c3c3c3   14 1  0.1347   0.1907750   0.4609480
  15   190.1713820  #d2d2d2   15 1  0.1762   0.1910240   0.4610760
